id_sensor,data_coleta,cultura,umidade_solo,ph_solo,temperatura_c,irrigacao_mm,fertilizante_kg,produtividade_kg_ha
1,2026-01-01,Soja,63,6.02,26,13,42,3838
2,2026-01-02,Soja,63,6.54,28,11,48,3781
3,2026-01-03,Soja,60,6.07,25,18,35,4087
4,2026-01-04,Soja,66,6.57,29,18,48,4088
5,2026-01-05,Soja,74,6.47,30,10,40,4024
6,2026-01-06,Soja,70,6.22,25,15,38,3916
7,2026-01-07,Soja,72,6.08,30,15,43,3955
8,2026-01-08,Soja,74,6.43,27,11,44,4050
9,2026-01-09,Soja,66,6.56,24,13,44,3859
10,2026-01-10,Soja,67,6.69,27,14,49,4082
11,2026-01-11,Soja,65,6.3,25,14,37,3863
12,2026-01-12,Soja,67,6.13,27,14,42,4006
13,2026-01-13,Soja,61,6.18,24,15,47,3970
14,2026-01-14,Soja,62,6.17,28,15,41,4052
15,2026-01-15,Soja,72,6.71,29,17,39,4086
16,2026-01-16,Soja,64,6.2,28,18,43,4211
17,2026-01-17,Soja,73,6.72,27,15,42,4007
18,2026-01-18,Soja,75,6.07,24,11,39,3918
19,2026-01-19,Soja,73,6.48,27,16,49,4288
20,2026-01-20,Soja,68,6.78,30,10,38,3994
21,2026-01-21,Soja,68,6.61,26,11,44,4015
22,2026-01-22,Soja,65,6.36,29,14,40,4059
23,2026-01-23,Soja,63,6.7,26,18,41,3962
24,2026-01-24,Soja,71,6.61,28,18,35,4097
25,2026-01-25,Soja,75,6.02,26,14,42,3965
26,2026-01-26,Soja,67,6.7,24,11,50,3864
27,2026-01-27,Soja,64,6.1,27,18,40,4023
28,2026-01-28,Soja,73,6.77,28,13,44,4107
29,2026-01-29,Soja,71,6.35,28,17,38,4057
30,2026-01-30,Soja,67,6.05,24,18,42,4052
31,2026-01-31,Soja,60,6.06,29,10,42,3690
32,2026-02-01,Soja,61,6.69,24,18,42,4010
33,2026-02-02,Soja,75,6.17,25,17,42,4253
34,2026-02-03,Soja,73,6.15,24,16,46,4210
35,2026-02-04,Soja,73,6.37,29,10,38,3811
36,2026-02-05,Soja,72,6.58,30,11,42,3923
37,2026-02-06,Soja,66,6.43,25,16,40,4004
38,2026-02-07,Soja,74,6.2,24,17,38,3992
39,2026-02-08,Soja,60,6.78,30,13,40,3923
40,2026-02-09,Soja,75,6.39,30,16,36,4022
41,2026-02-10,Soja,72,6.0,27,14,49,4102
42,2026-02-11,Soja,73,6.56,29,18,50,4155
43,2026-02-12,Soja,66,6.24,24,18,36,4040
44,2026-02-13,Soja,61,6.04,27,18,40,3881
45,2026-02-14,Soja,62,6.68,24,11,42,3911
46,2026-02-15,Soja,63,6.75,28,13,36,3760
47,2026-02-16,Soja,73,6.53,28,18,45,4169
48,2026-02-17,Soja,66,6.54,26,13,43,4013
49,2026-02-18,Soja,64,6.54,26,17,45,3940
50,2026-02-19,Soja,60,6.37,28,11,37,3916
51,2026-02-20,Milho,61,6.15,27,20,47,4605
52,2026-02-21,Milho,66,6.0,29,23,54,5003
53,2026-02-22,Milho,55,6.27,30,19,48,4468
54,2026-02-23,Milho,63,5.88,26,23,49,4749
55,2026-02-24,Milho,64,6.22,31,20,51,4901
56,2026-02-25,Milho,63,6.15,28,15,47,4674
57,2026-02-26,Milho,68,6.38,26,15,55,4874
58,2026-02-27,Milho,59,6.25,28,17,59,4772
59,2026-02-28,Milho,68,6.19,26,16,49,4729
60,2026-03-01,Milho,56,6.38,30,23,49,4760
61,2026-03-02,Milho,59,5.83,28,15,56,4507
62,2026-03-03,Milho,62,6.27,28,23,58,5007
63,2026-03-04,Milho,59,6.45,27,17,50,4611
64,2026-03-05,Milho,55,5.93,28,21,52,4636
65,2026-03-06,Milho,60,6.35,26,21,46,4730
66,2026-03-07,Milho,62,5.94,29,20,54,4676
67,2026-03-08,Milho,62,5.82,27,21,55,4742
68,2026-03-09,Milho,57,6.48,28,20,65,4880
69,2026-03-10,Milho,67,6.28,32,23,55,4724
70,2026-03-11,Milho,58,6.41,28,17,63,4655
71,2026-03-12,Milho,56,5.88,29,20,55,4733
72,2026-03-13,Milho,58,6.07,30,18,53,4472
73,2026-03-14,Milho,68,5.8,32,23,51,4866
74,2026-03-15,Milho,68,5.85,31,20,64,4880
75,2026-03-16,Milho,58,6.3,28,23,54,4951
76,2026-03-17,Milho,68,6.03,31,19,62,4735
77,2026-03-18,Milho,61,6.09,29,25,50,4975
78,2026-03-19,Milho,64,6.08,32,15,54,4576
79,2026-03-20,Milho,61,6.1,30,24,65,4944
80,2026-03-21,Milho,69,6.11,31,18,61,4882
81,2026-03-22,Milho,60,6.26,28,23,65,5057
82,2026-03-23,Milho,65,5.87,32,18,54,4645
83,2026-03-24,Milho,61,5.9,26,18,60,4862
84,2026-03-25,Milho,57,6.12,31,24,51,4967
85,2026-03-26,Milho,67,6.15,27,17,65,4982
86,2026-03-27,Milho,55,6.42,32,16,58,4522
87,2026-03-28,Milho,60,6.36,31,23,59,4705
88,2026-03-29,Milho,62,6.44,26,22,49,4807
89,2026-03-30,Milho,65,6.47,29,24,61,4998
90,2026-03-31,Milho,69,6.43,31,22,59,4872
91,2026-04-01,Milho,62,6.39,28,23,60,5030
92,2026-04-02,Milho,62,5.99,26,19,52,4649
93,2026-04-03,Milho,65,6.02,30,16,49,4497
94,2026-04-04,Milho,62,6.07,27,18,47,4642
95,2026-04-05,Milho,68,6.03,29,21,46,4675
96,2026-04-06,Milho,68,6.07,32,24,45,5041
97,2026-04-07,Milho,67,6.13,28,19,57,4824
98,2026-04-08,Milho,62,6.14,28,21,60,4664
99,2026-04-09,Milho,67,6.04,31,21,50,4839
100,2026-04-10,Milho,59,6.49,30,15,57,4713
101,2026-04-11,Tomate,70,6.27,25,10,44,5225
102,2026-04-12,Tomate,71,6.41,24,11,44,5327
103,2026-04-13,Tomate,80,6.81,25,12,43,5373
104,2026-04-14,Tomate,72,6.58,27,8,41,5198
105,2026-04-15,Tomate,72,6.82,27,8,30,5122
106,2026-04-16,Tomate,76,6.87,26,10,37,5188
107,2026-04-17,Tomate,85,6.74,26,11,44,5630
108,2026-04-18,Tomate,78,6.81,23,9,35,5263
109,2026-04-19,Tomate,73,6.66,24,14,42,5321
110,2026-04-20,Tomate,72,6.67,28,11,33,5436
111,2026-04-21,Tomate,79,6.88,26,9,31,5257
112,2026-04-22,Tomate,83,6.73,22,13,30,5399
113,2026-04-23,Tomate,85,6.28,24,15,34,5494
114,2026-04-24,Tomate,75,6.79,27,12,45,5458
115,2026-04-25,Tomate,83,6.86,26,12,40,5369
116,2026-04-26,Tomate,72,6.42,25,11,44,5459
117,2026-04-27,Tomate,82,6.47,25,13,35,5465
118,2026-04-28,Tomate,76,6.48,24,13,38,5497
119,2026-04-29,Tomate,78,6.64,26,11,32,5243
120,2026-04-30,Tomate,83,6.59,28,11,45,5594
121,2026-05-01,Tomate,85,6.56,22,9,39,5305
122,2026-05-02,Tomate,82,6.75,24,13,45,5579
123,2026-05-03,Tomate,81,6.54,27,13,41,5615
124,2026-05-04,Tomate,84,6.42,24,11,33,5274
125,2026-05-05,Tomate,80,6.3,26,10,36,5258
126,2026-05-06,Tomate,85,6.42,26,12,33,5303
127,2026-05-07,Tomate,79,6.38,23,12,30,5405
128,2026-05-08,Tomate,74,6.42,22,12,34,5450
129,2026-05-09,Tomate,85,6.28,22,12,45,5545
130,2026-05-10,Tomate,84,6.47,22,12,45,5350
131,2026-05-11,Tomate,72,6.52,22,8,34,5104
132,2026-05-12,Tomate,79,6.27,23,9,43,5486
133,2026-05-13,Tomate,77,6.82,25,15,44,5440
134,2026-05-14,Tomate,83,6.44,26,8,33,5214
135,2026-05-15,Tomate,76,6.41,22,10,37,5212
136,2026-05-16,Tomate,72,6.33,25,15,45,5405
137,2026-05-17,Tomate,71,6.39,27,12,44,5216
138,2026-05-18,Tomate,77,6.94,28,11,43,5258
139,2026-05-19,Tomate,77,6.72,24,10,32,5122
140,2026-05-20,Tomate,75,6.83,26,12,44,5275
141,2026-05-21,Tomate,84,6.75,27,14,38,5532
142,2026-05-22,Tomate,85,6.55,26,8,43,5369
143,2026-05-23,Tomate,78,6.22,23,8,38,5403
144,2026-05-24,Tomate,71,6.81,23,15,44,5382
145,2026-05-25,Tomate,75,7.0,25,15,32,5416
146,2026-05-26,Tomate,81,6.53,24,9,35,5296
147,2026-05-27,Tomate,83,6.75,24,14,31,5444
148,2026-05-28,Tomate,72,6.45,24,9,42,5375
149,2026-05-29,Tomate,70,6.73,26,15,43,5251
150,2026-05-30,Tomate,76,6.61,26,15,44,5306
151,2026-05-31,Café,66,5.71,22,8,39,2916
152,2026-06-01,Café,75,5.6,23,11,30,2842
153,2026-06-02,Café,60,5.94,21,7,28,2660
154,2026-06-03,Café,63,6.02,22,9,34,2777
155,2026-06-04,Café,68,5.83,27,9,32,2794
156,2026-06-05,Café,64,5.81,22,12,27,2731
157,2026-06-06,Café,73,5.77,24,12,25,2800
158,2026-06-07,Café,69,6.17,27,12,29,2834
159,2026-06-08,Café,75,5.78,26,9,35,2984
160,2026-06-09,Café,66,6.28,23,10,37,2772
161,2026-06-10,Café,73,5.53,27,11,37,2892
162,2026-06-11,Café,64,5.9,20,7,35,2849
163,2026-06-12,Café,63,6.2,27,6,39,2631
164,2026-06-13,Café,64,5.83,22,6,40,2844
165,2026-06-14,Café,68,5.77,26,11,27,2897
166,2026-06-15,Café,70,6.18,26,8,40,2957
167,2026-06-16,Café,61,5.99,23,11,34,2723
168,2026-06-17,Café,62,5.85,21,12,28,2763
169,2026-06-18,Café,65,6.06,20,6,35,2821
170,2026-06-19,Café,61,5.73,25,9,29,2656
171,2026-06-20,Café,73,5.95,22,7,30,2693
172,2026-06-21,Café,72,6.0,23,9,29,2752
173,2026-06-22,Café,74,6.01,27,8,25,2895
174,2026-06-23,Café,74,6.22,22,6,39,2815
175,2026-06-24,Café,69,6.01,26,11,33,2846
176,2026-06-25,Café,69,5.66,26,12,40,2824
177,2026-06-26,Café,67,5.81,25,10,34,2880
178,2026-06-27,Café,69,5.52,26,8,25,2764
179,2026-06-28,Café,61,6.23,27,12,34,2881
180,2026-06-29,Café,67,5.99,25,7,31,2784
181,2026-06-30,Café,68,6.04,22,11,28,2917
182,2026-07-01,Café,61,5.75,27,6,36,2776
183,2026-07-02,Café,64,5.57,24,8,38,2710
184,2026-07-03,Café,66,5.61,25,10,33,2897
185,2026-07-04,Café,65,5.71,27,12,34,2910
186,2026-07-05,Café,70,6.14,27,6,29,2814
187,2026-07-06,Café,67,6.19,26,12,36,2774
188,2026-07-07,Café,72,5.51,21,9,36,2914
189,2026-07-08,Café,68,5.97,25,6,32,2744
190,2026-07-09,Café,60,6.0,25,10,32,2789
191,2026-07-10,Café,62,6.01,27,11,34,2840
192,2026-07-11,Café,73,5.59,20,6,34,2809
193,2026-07-12,Café,63,5.58,22,9,39,2776
194,2026-07-13,Café,73,5.97,22,9,28,2908
195,2026-07-14,Café,75,5.99,24,6,36,2770
196,2026-07-15,Café,74,5.86,23,12,36,2839
197,2026-07-16,Café,71,5.94,25,6,37,2756
198,2026-07-17,Café,66,6.27,27,6,31,2763
199,2026-07-18,Café,60,5.54,25,7,29,2750
200,2026-07-19,Café,66,5.55,23,10,31,2879
